733
0 1 0 8
0 9 0 12
0 13 0 22
0 23 0 34
0 41 0 44
0 45 0 51
1 6 1 17
1 19 1 28
1 29 1 34
2 4 2 13
2 14 2 24
2 25 2 34
2 35 2 39
2 40 2 45
2 46 2 49
3 3 3 11
3 12 3 23
3 38 3 49
3 50 3 54
4 4 4 15
4 16 4 27
4 29 4 35
4 36 4 47
4 50 4 58
5 4 5 11
5 12 5 23
5 41 5 52
5 53 5 58
6 41 6 52
6 53 6 55
7 2 7 9
7 10 7 21
7 34 7 45
7 46 7 53
8 1 8 12
8 13 8 20
8 21 8 27
8 28 8 37
8 38 8 48
8 49 8 53
9 2 9 13
9 43 9 50
9 51 9 58
10 0 10 11
10 21 10 25
10 26 10 33
10 34 10 45
10 50 10 56
11 18 11 21
11 22 11 33
11 43 11 49
12 38 12 49
12 51 12 55
13 25 13 35
14 11 14 22
14 24 14 32
14 33 14 38
15 29 15 40
15 45 15 56
16 4 16 9
16 10 16 19
16 20 16 30
16 31 16 42
16 46 16 54
16 55 16 58
17 0 17 5
17 6 17 10
17 11 17 15
17 16 17 25
17 26 17 37
17 41 17 44
18 1 18 10
18 11 18 22
18 49 18 57
19 1 19 12
19 25 19 30
19 31 19 41
19 42 19 51
19 52 19 59
20 1 20 12
20 17 20 28
20 36 20 44
21 0 21 6
21 7 21 18
21 20 21 31
21 50 21 54
21 55 21 58
22 2 22 13
22 50 22 54
23 4 23 11
23 12 23 23
23 25 23 30
23 31 23 37
24 0 24 10
24 11 24 19
25 2 25 13
25 33 25 44
25 52 25 54
26 18 26 23
26 24 26 35
26 39 26 48
27 4 27 14
27 15 27 25
27 26 27 37
28 5 28 16
28 55 28 58
29 0 29 11
29 23 29 34
29 51 29 58
30 2 30 13
30 14 30 25
30 27 30 38
30 47 30 49
31 2 31 6
31 7 31 16
31 17 31 28
31 29 31 38
31 39 31 45
31 46 31 54
31 55 31 58
32 4 32 15
32 36 32 41
32 42 32 53
33 0 33 6
33 7 33 18
33 20 33 31
33 50 33 55
34 2 34 13
34 36 34 42
35 2 35 11
35 12 35 23
35 26 35 32
35 33 35 44
35 49 35 53
36 0 36 6
36 7 36 18
36 20 36 22
37 0 37 5
37 6 37 17
37 18 37 27
37 28 37 34
39 2 39 7
39 8 39 19
39 23 39 26
39 27 39 34
39 35 39 43
39 44 39 47
40 4 40 7
40 8 40 19
40 21 40 26
40 27 40 38
40 42 40 48
41 8 41 15
41 16 41 27
41 29 41 37
42 3 42 14
42 16 42 22
42 23 42 28
42 29 42 40
42 43 42 47
42 48 42 54
43 0 43 6
43 7 43 16
43 17 43 28
43 38 43 49
44 0 44 11
44 14 44 25
44 26 44 37
44 41 44 47
45 0 45 11
45 21 45 32
45 35 45 46
45 47 45 50
46 1 46 12
46 13 46 24
46 30 46 38
46 39 46 46
46 47 46 51
47 1 47 7
47 8 47 19
47 20 47 29
47 30 47 33
47 34 47 42
47 43 47 46
48 0 48 10
48 11 48 22
48 24 48 35
48 40 48 43
48 44 48 47
49 2 49 9
49 10 49 19
49 20 49 31
49 34 49 39
49 40 49 48
49 49 49 58
50 3 50 9
50 10 50 20
50 21 50 24
50 25 50 32
50 33 50 42
50 43 50 46
51 0 51 11
51 19 51 29
52 1 52 12
52 14 52 25
52 27 52 36
52 37 52 48
52 50 52 54
53 2 53 13
53 24 53 35
53 45 53 54
54 16 54 27
54 30 54 32
55 0 55 11
55 13 55 24
55 26 55 31
55 32 55 38
56 2 56 13
56 27 56 31
56 32 56 34
56 35 56 42
56 43 56 51
56 52 56 57
57 1 57 7
57 8 57 17
57 18 57 29
57 31 57 40
57 41 57 47
58 2 58 12
58 13 58 20
58 21 58 30
58 31 58 37
58 38 58 47
58 48 58 57
59 4 59 8
59 9 59 20
59 26 59 35
60 24 60 28
60 29 60 38
61 10 61 17
61 18 61 25
61 26 61 36
61 37 61 42
61 43 61 52
62 11 62 18
62 19 62 30
62 33 62 44
62 54 62 59
63 33 63 44
63 45 63 50
64 4 64 9
64 10 64 21
64 25 64 27
65 2 65 13
65 36 65 39
65 40 65 44
65 45 65 52
65 53 65 56
66 0 66 9
66 10 66 21
66 26 66 32
66 33 66 39
66 40 66 50
67 0 67 7
67 8 67 19
67 42 67 50
67 51 67 55
67 56 67 58
68 10 68 17
68 18 68 20
68 21 68 30
69 2 69 7
69 8 69 19
69 28 69 32
69 33 69 36
70 3 70 14
70 15 70 25
70 26 70 30
70 31 70 36
71 0 71 6
71 7 71 18
71 24 71 35
71 38 71 44
71 45 71 49
71 50 71 55
72 30 72 41
72 42 72 48
73 4 73 11
73 12 73 23
73 33 73 39
74 0 74 6
74 7 74 11
74 12 74 18
74 19 74 28
74 29 74 40
74 44 74 52
75 0 75 11
75 15 75 20
75 21 75 32
75 34 75 45
75 47 75 54
75 55 75 59
76 2 76 13
76 39 76 48
76 49 76 54
77 2 77 13
77 19 77 27
77 28 77 36
77 37 77 42
77 43 77 48
77 49 77 56
78 14 78 20
78 21 78 29
78 30 78 37
78 38 78 43
78 44 78 50
79 2 79 10
79 11 79 22
79 27 79 37
79 38 79 44
79 45 79 53
80 16 80 27
80 36 80 44
81 22 81 31
81 32 81 38
82 0 82 9
82 10 82 18
82 19 82 29
82 30 82 38
82 39 82 50
82 51 82 59
83 20 83 29
83 30 83 40
83 41 83 52
84 31 84 38
84 39 84 47
85 2 85 13
85 16 85 22
85 23 85 31
85 32 85 39
85 40 85 43
86 5 86 16
86 20 86 31
86 44 86 54
87 3 87 14
87 24 87 35
87 47 87 54
88 17 88 28
88 34 88 40
89 0 89 7
89 8 89 15
89 16 89 27
89 28 89 34
89 35 89 43
89 44 89 55
90 17 90 24
90 25 90 29
90 30 90 32
91 3 91 13
91 14 91 25
91 54 91 59
92 1 92 9
92 10 92 21
92 22 92 30
92 31 92 38
92 39 92 42
92 43 92 50
93 2 93 13
93 15 93 21
93 22 93 30
93 31 93 42
93 44 93 47
93 48 93 56
94 1 94 12
94 13 94 24
94 26 94 37
94 38 94 44
94 45 94 49
95 8 95 16
95 17 95 27
95 28 95 34
96 0 96 10
96 11 96 16
96 17 96 24
96 25 96 36
96 44 96 51
97 1 97 12
97 20 97 29
97 30 97 39
97 40 97 45
97 46 97 56
98 22 98 28
98 29 98 35
99 1 99 8
99 9 99 19
99 20 99 31
99 37 99 48
99 49 99 54
100 8 100 19
100 21 100 28
100 29 100 40
100 54 100 57
101 0 101 6
101 7 101 12
101 13 101 21
101 22 101 31
101 32 101 35
101 36 101 47
101 49 101 53
101 54 101 57
102 2 102 13
102 14 102 23
102 24 102 35
102 52 102 57
103 4 103 15
103 26 103 37
103 50 103 55
104 3 104 14
104 39 104 45
104 46 104 51
105 3 105 14
105 21 105 28
105 29 105 37
105 38 105 45
105 46 105 54
106 3 106 14
106 16 106 23
107 5 107 16
107 33 107 38
108 0 108 11
108 13 108 24
108 26 108 37
108 41 108 50
109 21 109 32
109 42 109 47
109 48 109 55
110 2 110 13
110 20 110 31
110 34 110 45
110 47 110 52
111 22 111 33
111 35 111 41
111 42 111 45
111 46 111 54
111 55 111 58
112 8 112 14
112 15 112 26
112 31 112 33
112 34 112 45
112 47 112 54
112 55 112 59
113 19 113 30
113 31 113 42
113 52 113 55
114 0 114 6
114 7 114 11
114 12 114 23
114 28 114 34
114 35 114 46
114 47 114 56
115 1 115 12
115 13 115 19
115 20 115 31
115 52 115 58
116 1 116 8
116 9 116 20
116 39 116 47
117 5 117 10
117 11 117 21
117 22 117 30
117 31 117 37
118 11 118 17
118 18 118 23
118 24 118 34
118 35 118 42
118 43 118 48
118 49 118 53
119 0 119 7
119 8 119 19
119 23 119 34
120 7 120 18
120 26 120 37
120 38 120 46
120 47 120 57
121 9 121 20
121 42 121 45
121 46 121 51
122 2 122 13
122 14 122 18
122 19 122 29
122 30 122 41
122 45 122 49
122 50 122 59
123 7 123 18
123 33 123 37
123 38 123 41
123 42 123 50
123 51 123 54
123 55 123 59
124 0 124 6
124 7 124 16
124 17 124 28
124 29 124 36
124 37 124 47
125 7 125 18
125 31 125 40
125 41 125 43
126 23 126 34
126 40 126 51
126 54 126 59
127 0 127 5
127 6 127 11
127 12 127 17
127 18 127 24
127 25 127 36
128 17 128 28
128 32 128 39
128 40 128 45
128 46 128 53
128 54 128 57
129 8 129 14
129 15 129 24
129 25 129 30
129 31 129 35
129 36 129 46
129 47 129 52
130 15 130 26
130 28 130 39
130 43 130 50
131 0 131 3
131 4 131 12
131 13 131 20
131 21 131 32
131 37 131 46
131 47 131 49
133 2 133 10
133 11 133 16
133 17 133 28
133 34 133 37
134 16 134 27
134 29 134 40
134 44 134 53
134 54 134 58
135 1 135 12
135 28 135 30
135 31 135 40
136 19 136 30
136 41 136 51
136 52 136 56
137 4 137 11
137 12 137 23
137 35 137 45
137 46 137 52
138 6 138 14
138 15 138 17
138 18 138 29
138 41 138 44
138 45 138 52
139 4 139 15
139 17 139 20
139 21 139 29
139 30 139 41
139 47 139 58
140 0 140 11
140 25 140 29
141 3 141 12
141 13 141 24
141 35 141 40
141 41 141 45
141 46 141 52
142 2 142 13
142 24 142 35
142 40 142 47
142 48 142 57
143 4 143 15
143 20 143 23
143 24 143 31
143 32 143 43
143 46 143 52
144 0 144 11
144 14 144 25
144 37 144 46
144 47 144 51
144 52 144 54
145 0 145 11
145 14 145 25
145 38 145 43
145 44 145 50
145 51 145 55
145 56 145 58
146 1 146 11
146 12 146 15
146 16 146 26
146 27 146 32
146 33 146 40
146 41 146 49
146 50 146 52
147 2 147 13
147 17 147 26
147 27 147 38
147 56 147 59
148 3 148 14
148 15 148 24
148 25 148 30
148 31 148 42
148 45 148 50
149 0 149 6
149 7 149 18
149 20 149 24
149 25 149 36
149 40 149 51
149 52 149 57
150 3 150 14
150 27 150 33
150 34 150 42
150 43 150 53
150 54 150 57
151 15 151 21
151 22 151 33
151 35 151 44
152 1 152 12
152 15 152 26
152 28 152 39
152 41 152 50
152 51 152 56
153 16 153 27
153 32 153 43
153 45 153 50
154 6 154 17
154 18 154 29
154 42 154 49
154 50 154 57
155 14 155 23
155 24 155 32
155 33 155 42
155 43 155 47
155 48 155 52
156 30 156 39
156 40 156 45
157 0 157 11
157 31 157 42
157 48 157 52
157 53 157 58
158 8 158 15
158 16 158 27
158 32 158 40
158 41 158 44
158 45 158 48
158 49 158 59
159 5 159 13
159 14 159 21
159 22 159 33
159 42 159 45
159 46 159 48
160 2 160 10
160 11 160 16
160 17 160 26
160 27 160 38
160 52 160 59
161 36 161 46
161 47 161 58
162 2 162 11
162 12 162 23
162 41 162 50
163 1 163 9
163 10 163 15
163 16 163 27
163 28 163 31
163 32 163 37
164 4 164 15
164 48 164 56
165 5 165 16
165 29 165 36
165 37 165 48
165 55 165 59
166 0 166 6
166 7 166 18
166 21 166 31
166 32 166 43
166 44 166 53
167 1 167 12
167 15 167 22
167 23 167 33
167 34 167 36
167 37 167 44
168 2 168 9
168 10 168 19
168 20 168 31
168 32 168 34
169 5 169 12
169 13 169 24
169 28 169 39
169 41 169 47
169 48 169 51
169 52 169 58
170 8 170 19
170 27 170 38
170 39 170 45
170 46 170 56
171 3 171 14
171 23 171 34
171 40 171 46
172 5 172 16
172 39 172 44
173 0 173 8
173 9 173 18
173 19 173 30
173 49 173 52
174 1 174 8
174 9 174 19
174 20 174 31
174 35 174 46
175 6 175 15
175 16 175 27
175 28 175 35
175 36 175 42
175 43 175 49
175 50 175 54
176 1 176 10
176 11 176 22
176 23 176 31
176 32 176 42
176 43 176 49
177 10 177 16
177 17 177 28
177 52 177 55
178 2 178 13
178 20 178 31
178 37 178 42
178 43 178 53
179 15 179 26
179 27 179 38
179 55 179 58
